14
12
26
9
9
15
8
10
20
12
10
8
14
11
14
13
5
7
17
11
19
16
12
14
4
12
14
19
14
12
12
11
8
13
7
12
19
16
11
5
12
13
12
11
12
16
6
18
13
13
12
16
10
14
9
7
15
13
14
13
18
15
7
12
7
8
15
10
7
18
13
23
17
10
16
11
8
8
13
8
16
9
17
10
23
12
14
9
22
11
16
14
7
8
15
15
12
17
13
16
9
16
11
14
13
9
13
6
11
24
9
14
15
13
14
9
13
12
10
11
17
10
9
14
16
22
21
14
9
15
16
20
10
14
17
9
15
15
11
11
9
7
12
14
14
10
9
8
13
20
9
10
11
17
10
13
21
12
15
20
14
10
8
9
8

18
16
18
15
9
9
15
10
null
18
7
11
16
12
15
18
14
13
13
14
9
16
17
8
10
17
21
9
9
14
13
10
10
13
16
19
15
17
22
13
6
15
11
13
17
13
14
13
12
11
8
10
12
12
11
7
11
14
18
8
14
13
13
8
16
15
11
17
11
18
15
13
7
11
16
7
11
8
10
14
14
14
18
14
14
16
12
12
11
13
13
14
14
21
11
11
26
8
13
9
16
13
24
18
18
19
8
21
8
10
11
11
16
20
17
14
10
14
9
13
14
11
8
18
16
9
15
11
19
9
10
15
18
13
19
19
14
11
11
10
16
20
10
15
15
11
11
16
13
14
23
16
17
14
7
18
8
12
16
9
9
19
14
10
11
12
22
12
7
12
8
11
10
12
16
10
10
9
14
10
18
10
11
12
18
11
8
7
11
12
12
10
10
10
15
13
15
17
13
13
10
18
12
10
16
19
7
14
13
6
10
17
12
12
5