
14
9
22
18
19
20
6
9
13
18
4
16
5
12
9
16
11
10
17
21
7
14
8
20
12
21
15
17
21
10
15
17
19
14
10
19
10
11
9
16
10
9
16
10
22
13
12
21
10
12
17
22
15
11
15
8
11
18
13
14
13
11
16
27
12
15
18
19
8
17
23
16
19
18
9
8
7
8
9
12
10
11
14
7
24
14
17
14
18
16
8
15
17
11
12
15
14
22
19
10
10
10
16
12
18
15
7
16
14
19
14
16
6
16
19
11
10
18
25
16
11
10
11
18
18
17
9
15
16
12
13
17
16
14
12
17
9
19
15
12
9
12
11
7
11
17
11
13
9
13
14
16
19
12
13
17
15
20
16
14
13
15
14
8
6
14
20
3
19
9
16
14
15
28
6
17
22
18
12
16
13
19
10
11
15
11
16
9
11
12
23
11
23
13
8
15
9
12
18
15
19
12
17
11
14
16
17
13
19
13
23
23
13
8
17
15
17
20
12
8
15
17
12
11
20
14
7
13
11
13
11
12
17
15
19
15
17
12
17
11
15
17
19
20
21
14
14
10
15
17
12
12
11
13
14
19
15
22
19
6
7
22
16
17
12
13
9
11
17
14
22
17
14
14
7
8
15
14
15
21
16
13
12
14
14
9
13
17
16
17
12
16
11
20
12
7
11
8
10
14
20
21
6
22
4
18
18
14
8
15
4
15
16
12
12
18
10
9
12
14
14
11
13
15
17
14
16
20
17
22
15
9
15
17
11
14
7
10
7
14
19
9
13
13
8
14
9
23
18
6
14
13
13
16
8
8
7
11
12
14
14
14
25
11
18
15
16
6
6
15
9
10
14
13
19
4
17
16
12
7