
18
13
23
20
24
23
6
9
15
20
5
16
9
15
10
20
12
12
15
20
13
17
9
19
15
24
18
20
20
9
15
18
21
13
10
19
11
13
10
14
13
8
16
12
24
15
14
23
13
16
19
23
14
14
16
10
12
20
14
16
20
16
20
29
12
17
19
20
11
19
24
16
23
19
11
10
11
10
10
14
14
14
15
9
27
16
18
17
19
17
9
19
22
13
13
17
16
23
20
10
11
7
19
18
19
14
6
17
16
21
15
20
6
20
19
10
12
20
30
19
13
12
13
20
23
19
9
17
17
15
18
17
18
14
14
21
11
19
14
15
10
12
11
13
13
21
12
13
9
14
15
16
20
13
14
20
19
21
17
15
18
16
15
14
9
14
24
6
21
11
14
17
18
null
null
null
25
17
null
16
16
22
13
11
15
17
19
9
13
13
25
14
21
15
10
16
9
11
19
17
18
13
20
12
17
21
17
14
19
13
27
26
13
10
18
13
20
24
14
11
17
18
12
15
24
16
9
13
15
14
11
15
19
16
23
14
18
12
18
13
16
19
22
22
19
13
17
14
22
21
13
14
11
13
13
18
17
23
21
10
5
26
17
21
16
14
16
12
18
18
27
16
15
19
7
10
17
16
16
22
17
14
17
15
15
11
13
17
21
18
10
17
11
22
12
9
15
10
14
19
21
23
9
21
9
21
18
16
9
17
7
18
22
13
14
19
12
16
14
15
19
13
15
16
18
15
17
22
19
22
16
9
18
18
15
20
9
14
9
17
21
9
13
14
10
14
13
22
20
11
13
15
14
20
8
10
7
12
151515162715181816611161110172020420201210