
13
12
25
11
11
16
9
12
21
11
10
11
17
16
15
14
9
9
20
15
19
18
12
18
5
12
15
19
14
14
15
13
9
15
12
19
20
16
13
6
17
15
15
12
17
20
8
21
17
16
13
19
12
16
12
8
15
12
15
18
17
17
8
15
7
8
18
11
7
23
14
23
18
12
19
13
9
7
14
9
20
11
18
11
25
18
17
11
23
15
16
15
8
11
19
17
13
21
13
18
10
20
11
14
15
10
19
11
14
26
14
15
17
17
14
10
16
12
11
12
20
12
10
18
18
28
23
16
16
17
17
21
11
18
20
10
16
15
17
16
11
10
14
15
14
12
12
14
15
22
10
13
11
19
10
15
23
13
16
20
12
10
8
9
10
18
19
18
17
14
9
17
10
null
null
null
14
17
null
17
16
16
15
15
19
11
18
20
12
12
20
21
12
9
15
14
11
13
18
20
21
17
19
25
13
7
18
16
20
18
14
15
16
13
13
12
14
13
13
11
13
17
17
21
10
14
15
17
9
18
15
12
19
14
20
16
20
8
13
15
10
11
9
12
19
14
14
24
14
14
16
13
14
17
14
14
16
17
21
14
13
27
11
12
11
16
16
28
20
18
19
9
23
8
13
13
10
18
21
16
16
11
15
11
13
16
15
9
18
20
16
16
18
21
9
13
16
19
14
18
23
14
12
15
14
16
21
11
14
16
12
11
18
16
14
25
16
19
17
9
18
7
13
20
10
14
22
17
11
10
18
29
13
7
14
10
14
11
15
17
11
14
10
17
12
25
10
15
14
20
15
10
7
10
17
13
12
12
18
19
15
17
18
16
17
13
18
17
13
16
19
9
15
15
10
16
19
18
12
8