15
10
8
6
4
6
5
11
7
5
8
4
8
16
9
6
9
5
10
8
9
17
7
11
13
12
11
7
5
5
6
3
11
9
8
7
8
7
13
3
16
14
11
6
11
14
5
8
8
5
9
11
11
5
6
9
6
2
14
9
20
10
7
9
13
11
6
9
16
2
8
8
10
8
3
3
11
12
9
9
13
21
15
7
6
6
7
9
6
12
14
13
5
14
9
3
10
6
11
10
5
8
13
9
16
8
8
7
11
12
6
13
10
7
15
6
7
2
9
16
9
11
8
8
10
5
9
9
5
17
13
5
12
10
5
13
13
7
12
6
10
10
7
12
7
6
7
6
10
11
17
8
13
8
5
4
11
8
13
12
10
3
11
13
14
18
16
5
7
10
9
8
10
13
5
9
11
3
16
10
6
1
13
7
8
15
9
9
4
14
10
10
10
5
5
15
10
8
10
9
11
7
5
10
12
8
7
5
4
13
17
6
11
15
11
4
9
17
11
9
7
3
4
5
5
3
14
13
7
7
12
11
8
6
4
11
8
15
8
13
11
13
7
3
8
6
11
10
10
5
11
6
17
10
10
16
11
5
14
14
13
10
6
7
7
5
4
5
14
11
11
7
5
7
12
10
11
5
14
14
9
6
6
11
13
9
10
8
6
11
9
9
10
10
4
13
7
7
11
14
10
10
10
5
4
8
7
8
11
14
12
10
13
5
3
9
8
13
6
7
7
12
9
4
7
7
6
10
6
11
11
7
9
7
10
6
5
8
13
15
11
7
4
7
10
5
14
2
13
11
7
14
6
14
6
17
16
19
6
13
14
18
15
9
12
8
11
4
9
11
7
13
16
16
6
19
8
11
7
9