
7
9
15
6
12
11
10
22
18
9
11
15
13
10
12
10
9
15
18
10
9
5
13
8
10
10
12
14
11
12
15
12
14
12
10
11
12
24
8
14
14
7
13
10
9
6
11
12
12
8
7
17
22
19
7
17
11
19
9
12
9
13
14
13
13
9
7
4
13
14
8
14
11
16
16
13
14
9
14
15
8
8
8
16
8
10
21
17
11
7
11
4
24
13
9
18
8
16
11
18
16
14
7
9
6
12
12
10
14
13
11
15
9
15
11
15
8
10
14
17
8
10
12
11
12
9
12
17
8
20
14
8
12
14
22
24
11
18
27
9
12
11
17
11
10
15
7
12
9
10
11
17
9
9
17
6
9
7
16
16
7
14
14
15
25
13
4
12
13
12
21
7
13
9
11
19
5
13
7
10
10
15
7
8
14
20
17
11
8
12
10
6
14
13
17
22
7
8
12
15
9
11
13
14
8
8
13
9
5
15
10
10
8
12
10
19
7
12
14
9
6
14
16
14
14
8
14
11
17
9
12
10
12
11
9
9
14
5
19
7
18
13
14
8
18
8
13
13
11
11
12
8
9
7
8
6
13
16
14
4
21
11
13
10
18
13
12
8
12
5
16
27
8
22
6
10
5
15
3
9
12
15
11
10
13
25
10
13
21
12
18
20
13
14
5
8
9
13
14
12
8
5
20
12
15
13
9
15
8
16
8
6
16
9
7
9
8
11
13
11
9
14
12
19
9
10
4
8
11
21
12
12
11
9
10
14
10
8
7
19
17
17
10
11
4
8
16
13
6
9
14
16
11
7
14
16
15
5
13
14
11
17
12
18
10
20
10
9
8
12
10
15
5
7
14
16
7
14
18
9