18
11
15
17
8
13
14
11
20
18
20
12
14
17
12
11
15
15
20
11
24
14
17
9
19
13
17
18
15
14
12
14
17
15
4
15
11
11
18
12
14
10
15
17
7
6
10
16
16
13
16
12
11
14
16
14
14
12
13
17
13
13
16
22
15
12
16
10
14
14
12
15
16
11
15
15
16
16
15
12
20
16
15
11
14
14
16
19
16
11
14
12
15
16
12
16
12
17
11
11
18
11
17
17
9
13
10
9
17
11
11
13
16
12
9
11
9
12
20
21
20
14
10
18
9
18
17
12
12
17
18
16
10
11
20
9
7
18
15
9
10
15
9
20
12
20
10
18
12
18
14
11
14
16
12
9
12
12
7
12
10
13
10
12
15
14
13
19
13
12
16
19
9
18
13
5
16
13
11
14
23
10
12
13
14
10
14
7
10
17
17
12
7
19
19
7
7
11
13
16
14
11
13
19
14
6
14
23
8
14
17
12
19
10
10
10
9
18
12
12
11
12
16
23
9
14
12
12
15
15
19
16
16
15
22
14
12
12
14
13
11
20
14
16
8
10
17
11
9
14
16
11
16
9
17
14
18
13
14
14
12
16
8
20
7
16
8
18
16
13
11
8
13
15
19
13
11
11
18
12
14
19
13
12
10
10
9
20
21
17
8
13
14
11
13
15
17
15
11
18
12
15
18
13
13
10
5
16
22
17
25
10
18
12
13
10
18
14
14
15
10
16
7
10
9
10
11
6
12
8
10
14
26
19
10
15
14
14
13
11
10
11
5
12
17
15
12
7
8
20
11
8
16
13
14
16
16
14
15
6
9
13
9
17
15
10
13
13
8
10
10
5
9
6
17
6
6
17
20
9