21
16
14
17
19
15
7
23
16
15
12
10
13
13
12
15
14
22
6
16
17
21
13
8
15
17
24
13
21
10
10
13
16
9
11
9
8
18
18
15
14
13
9
18
9
13
11
12
16
15
19
18
13
14
18
18
12
18
13
17
13
10
16
15
11
10
12
14
9
18
6
12
17
15
17
5
15
9
16
15
14
13
14
13
10
21
16
15
11
22
14
18
9
16
16
7
9
17
18
13
10
11
13
18
18
12
10
21
12
11
9
9
23
18
17
14
16
13
4
19
8
11
17
20
12
11
20
6
11
10
17
12
13
6
16
9
10
13
6
14
16
8
12
8
12
14
13
16
10
10
18
9
20
16
11
12
7
9
12
14
6
16
14
13
22
14
13
14
9
5
11
11
14
12
11
16
10
9
12
9
10
13
15
12
15
18
11
15
10
10
14
17
17
12
18
12
6
11
11
10
15
13
13
17
7
13
9
12
4
12
6
13
22
11
12
7
13
11
15
16
11
13
11
22
10
17
7
11
7
11
14
16
12
9
14
5
8
10
17
10
15
20
7
13
11
14
16
13
17
12
9
10
8
8
14
15
19
15
14
13
9
13
3
12
12
10
10
13
15
11
18
16
16
14
16
10
10
10
5
14
16
10
10
17
12
11
15
10
10
13
12
13
7
11
17
7
11
12
8
15
12
15
9
12
8
17
10
7
14
6
15
6
13
12
13
12
13
16
16
11
14
15
12
14
13
7
15
15
19
12
9
12
21
16
12
12
12
21
13
11
12
17
11
13
10
9
14
9
12
15
11
20
11
17
17
7
19
12
15
3
10
17
12
13
11
12
7
10
11
12
9
12
8
11
11
12
7
9
7
10