22
12
22
18
10
15
14
14
21
19
19
13
15
18
14
13
17
15
23
14
27
19
18
12
15
14
20
21
16
18
12
15
19
17
6
17
12
14
23
14
17
10
17
18
7
9
7
18
18
15
19
16
15
15
21
16
15
17
15
18
14
14
16
26
17
13
20
12
18
14
13
19
18
15
21
16
16
17
17
12
24
16
16
12
17
14
17
19
21
13
15
13
16
16
18
17
11
18
14
13
18
14
19
17
9
12
9
11
18
10
14
12
16
14
10
11
9
16
20
21
20
13
14
20
12
18
20
12
14
19
18
18
17
12
20
14
11
20
17
11
19
18
11
23
15
19
13
20
18
16
15
11
18
14
12
12
13
13
12
12
15
15
11
17
16
16
17
20
16
15
16
24
9
19
13
9
16
15
11
17
27
10
15
13
16
11
15
14
12
18
17
14
12
19
18
9
7
14
16
17
17
12
23
22
15
10
16
23
8
19
16
14
22
11
10
13
9
22
17
13
11
11
20
26
13
15
16
14
16
17
21
20
17
15
25
16
13
12
16
14
11
21
17
16
8
10
19
14
15
15
17
12
19
9
18
14
18
14
14
18
17
18
9
19
9
15
8
20
16
13
15
11
13
17
21
15
13
12
19
15
16
20
17
14
10
13
10
20
22
17
9
14
13
12
10
15
19
18
16
19
14
17
21
15
13
13
5
15
24
20
29
11
19
16
14
10
17
14
14
14
11
16
8
14
11
10
11
6
15
12
12
14
27
22
12
17
14
18
15
11
10
15
7
12
15
18
15
7
9
20
15
9
19
15
16
18
18
16
18
5
10
19
10
16
20
13
13
15
10
12
11
6
11
10
17
6
7
16
25
8