22
16
17
19
21
18
8
24
17
18
14
14
14
17
12
16
19
23
7
23
18
25
17
12
20
19
28
13
27
11
11
13
17
9
14
9
8
22
20
16
15
14
12
24
10
14
12
14
24
17
20
21
16
14
19
22
13
20
14
20
17
10
20
16
13
13
13
15
14
21
7
13
18
16
20
10
17
10
20
17
18
17
16
15
13
24
18
19
11
21
16
18
14
20
17
7
13
19
19
13
12
15
16
21
19
11
14
22
21
10
11
13
24
20
14
15
17
14
8
23
12
23
20
22
16
13
21
10
12
11
21
12
12
6
16
10
14
14
9
17
19
11
13
14
14
19
13
21
17
13
28
13
22
18
19
13
7
12
13
15
8
22
17
15
25
16
12
15
13
7
15
10
16
13
12
18
12
11
16
13
16
17
20
10
17
15
11
14
12
12
12
18
19
13
20
15
9
10
18
12
17
15
16
19
10
14
9
15
10
13
9
15
23
13
12
8
16
13
15
17
15
14
13
23
11
18
6
15
9
12
16
20
14
13
16
11
9
13
17
12
19
23
9
12
13
14
17
13
19
13
10
15
9
13
14
16
24
13
16
13
11
16
5
12
12
14
14
17
18
13
18
16
22
16
19
12
10
11
9
16
21
12
10
21
14
11
18
13
14
13
14
14
8
13
18
10
12
12
9
21
13
16
10
17
10
23
8
9
15
7
16
11
14
11
16
13
14
18
16
12
18
17
13
14
15
10
21
17
22
15
11
12
23
17
18
13
12
23
16
13
14
19
12
16
9
11
18
9
14
18
13
20
12
18
21
8
21
14
15
9
12
18
13
11
12
13
9
11
11
15
14
16
12
13
13
14
12
12
9
11