8
11
7
6
9
9
13
2
8
12
12
10
7
5
10
5
7
5
7
1
1
14
5
10
10
4
6
4
9
10
6
5
9
7
6
7
6
9
4
9
12
11
9
10
9
2
8
2
4
5
10
10
7
13
13
15
9
7
5
13
5
5
13
8
12
1
10
6
10
4
12
6
11
10
8
3
11
8
10
12
4
6
5
1
7
10
9
10
7
4
13
10
7
13
9
6
10
11
11
5
9
8
9
7
9
12
5
3
5
16
3
7
9
7
7
13
6
10
5
10
9
8
6
6
7
3
11
7
7
7
16
11
10
10
6
8
7
5
8
10
4
5
3
13
14
7
6
4
5
4
9
9
12
13
8
6
16
11
8
4
6
3
3
7
9
4
9
9
4
12
12
6
5
10
7
7
3
5
6
9
5
9
5
9
11
14
6
5
6
6
7
15
9
6
7
4
13
9
8
7
7
12
8
10
7
11
11
9
2
7
7
9
7
3
6
9
7
4
9
7
3
11
7
5
11
3
12
6
14
7
7
4
4
7
3
10
4
10
8
5
9
9
10
6
10
9
11
7
12
6
4
9
5
6
3
4
9
11
11
6
8
9
11
9
11
13
12
10
5
5
4
10
3
9
10
11
10
4
5
8
10
4
11
7
5
10
9
8
10
9
10
6
7
8
9
6
6
8
6
5
14
16
14
8
3
7
6
8
11
6
4
6
11
5
13
13
10
4
4
9
13
6
12
6
9
10
4
5
17
9
2
10
7
4
10
6
7
5
5
6
10
12
14
7
12
10
10
13
5
5
7
5
6
8
5
4
11
9
4
4
12
5
2
9
6
8
12
5
10
9
8
10
5
10
9
6
6
5
8
10