4
8
12
4
12
4
9
12
7
13
9
7
9
12
7
8
10
8
10
28
13
6
11
15
8
13
7
8
4
5
14
21
9
8
5
9
14
10
9
8
3
14
18
6
13
9
5
10
18
17
13
8
9
11
11
10
14
10
8
11
10
7
7
14
14
15
13
11
14
14
8
11
11
6
11
15
7
6
7
8
14
7
15
15
6
9
15
12
16
8
3
8
15
5
7
7
11
12
12
9
7
11
9
10
10
12
6
12
10
9
13
10
12
9
9
13
16
6
17
5
10
11
9
8
17
13
11
14
11
16
7
12
2
12
10
12
13
9
6
8
11
13
12
12
8
10
7
9
13
8
6
10
6
3
10
8
9
5
8
12
15
12
14
10
12
9
5
10
14
14
5
6
10
15
11
7
9
9
11
11
11
13
9
18
13
8
10
17
7
10
7
6
9
6
15
12
6
11
10
10
8
9
12
11
10
5
9
10
14
11
15
8
3
21
9
11
10
4
11
6
11
13
12
10
9
12
5
5
6
11
5
12
9
11
17
12
18
9
5
10
16
6
6
5
7
9
13
14
6
12
14
10
6
13
20
11
10
8
4
12
6
12
9
6
7
5
8
7
12
9
12
5
13
13
15
15
11
15
13
6
7
6
10
7
8
12
12
10
14
13
6
11
6
13
12
8
10
14
12
5
6
6
9
9
12
8
6
9
12
9
10
10
10
10
25
7
8
14
8
8
8
11
11
10
5
5
14
11
3
7
11
11
12
10
11
9
15
6
12
10
11
7
6
10
10
12
6
10
13
16
5
6
8
9
13
12
7
10
9
13
11
8
6
4
14
15
11
7
10
9
6
6
17
12
8
16
14
11
16
8